eta = 2.348881
t-eta = 4.217928
beta = 0.300746
t-beta = 3.656581
